File: C:\MED-PC\Data\2018-11-08_14h57m_Subject 18072.txt


Start Date: 11/08/18
End Date: 11/08/18
Subject: 18072
Experiment: FR8 Pilot
Group: 
Box: 2
Start Time: 14:57:41
End Time: 15:39:23
MSN: FR8_FULL_3ar_nolimit
F:   0.000
L:  59.000
R:   7.000
A:
     0:    0.000    1.000
C:
     0: 8848.000 28333.000 28444.000 30992.000 31628.000
     5: 31828.000 41319.000 43455.000 47742.000 49048.000
    10: 50122.000 50145.000 54783.000 59030.000 59075.000
    15: 60834.000 69719.000 74377.000 76593.000 80667.000
    20: 80699.000 84247.000 87710.000 87956.000 88087.000
    25: 95319.000 98382.000 108770.000 108807.000 110097.000
    30: 121864.000 122741.000 124987.000 125109.000 126007.000
    35: 127879.000 128281.000 138902.000 142275.000 142729.000
    40: 142805.000 152499.000 154577.000 156835.000 157251.000
    45: 157326.000 157968.000 158155.000 163016.000 164718.000
    50: 176252.000 179864.000 192071.000 198604.000 202915.000
    55: 210451.000 211947.000 232853.000 238021.000
D:
     0: 43455.000 60834.000 87956.000 122741.000 142729.000
     5: 158155.000 210451.000
E:
     0: 9429.000 20190.000 28578.000 31093.000 31111.000
     5: 31966.000 32507.000 32545.000 35586.000 36614.000
    10: 36850.000 36903.000 36908.000 37181.000 37976.000
    15: 38001.000 38027.000 38070.000 38179.000 38733.000
    20: 38744.000 41442.000 43539.000 44620.000 44638.000
    25: 44726.000 44730.000 44738.000 44759.000 44861.000
    30: 44942.000 45015.000 47824.000 49175.000 49413.000
    35: 50290.000 50319.000 52710.000 54158.000 54203.000
    40: 54870.000 59184.000 60924.000 62084.000 66659.000
    45: 66675.000 66694.000 69400.000 69806.000 74507.000
    50: 76698.000 76753.000 80799.000 84358.000 87219.000
    55: 88188.000 90490.000 91187.000 91279.000 95428.000
    60: 98459.000 108913.000 110184.000 110307.000 110351.000
    65: 110546.000 121937.000 122830.000 123843.000 125300.000
    70: 125501.000 125555.000 125557.000 125573.000 126154.000
    75: 126240.000 127952.000 128004.000 128374.000 134478.000
    80: 138981.000 142403.000 142927.000 143937.000 144124.000
    85: 147198.000 152589.000 154660.000 156915.000 157437.000
    90: 157533.000 158269.000 163088.000 164845.000 176352.000
    95: 179928.000 189869.000 192151.000 210588.000 212136.000
   100: 232960.000 232981.000 238131.000
\0
