File: C:\MED-PC\Data\2018-12-05_17h04m_Subject 18054.txt


Start Date: 12/05/18
End Date: 12/05/18
Subject: 18054
Experiment: fr8
Group: 1
Box: 4
Start Time: 17:04:25
End Time: 17:45:49 
MSN: FR8_FULL_3ar_30secc
F:   0.000
L: 406.000
R:  36.000
A:
     0:    0.000    1.000
C:
     0: 6217.000 6269.000 6326.000 6540.000 6593.000
     5: 6734.000 6914.000 7024.000 7061.000 11413.000
    10: 14399.000 14474.000 14751.000 14856.000 14903.000
    15: 15173.000 15288.000 15364.000 17901.000 18259.000
    20: 18392.000 18439.000 18620.000 18847.000 19009.000
    25: 19197.000 19441.000 19516.000 19620.000 22117.000
    30: 22208.000 22581.000 22699.000 22777.000 22973.000
    35: 23114.000 23335.000 23432.000 23539.000 27130.000
    40: 27186.000 27277.000 27372.000 27862.000 28262.000
    45: 28601.000 28663.000 30659.000 32142.000 32207.000
    50: 32243.000 32469.000 32480.000 32530.000 32858.000
    55: 33196.000 33415.000 35917.000 35959.000 36346.000
    60: 36404.000 36465.000 36539.000 36796.000 37136.000
    65: 37274.000 37490.000 37629.000 37683.000 43480.000
    70: 43607.000 43721.000 43948.000 44001.000 44040.000
    75: 44187.000 44297.000 44482.000 44587.000 46979.000
    80: 47017.000 47134.000 47517.000 52147.000 52301.000
    85: 52479.000 52611.000 52761.000 53262.000 53461.000
    90: 53739.000 53988.000 54125.000 54435.000 54485.000
    95: 54579.000 54729.000 54746.000 56465.000 56612.000
   100: 56677.000 56784.000 57170.000 57275.000 57440.000
   105: 57632.000 63140.000 63253.000 63426.000 63509.000
   110: 63740.000 63864.000 63953.000 63993.000 64164.000
   115: 64297.000 64528.000 65245.000 67050.000 67096.000
   120: 68972.000 69144.000 69385.000 69693.000 69985.000
   125: 70076.000 70405.000 70538.000 70708.000 70792.000
   130: 70839.000 72175.000 72627.000 72984.000 73241.000
   135: 73314.000 73396.000 81270.000 81907.000 82090.000
   140: 82195.000 82257.000 82493.000 82552.000 82592.000
   145: 82674.000 82917.000 83108.000 83256.000 83480.000
   150: 83595.000 86904.000 86975.000 87018.000 87513.000
   155: 87672.000 87826.000 88124.000 88419.000 90132.000
   160: 90489.000 90809.000 91090.000 91355.000 91530.000
   165: 91741.000 92093.000 92398.000 92742.000 92846.000
   170: 92925.000 93116.000 95257.000 98513.000 98600.000
   175: 102092.000 104468.000 107977.000 108203.000 108352.000
   180: 108516.000 108599.000 108833.000 108966.000 109123.000
   185: 109170.000 116553.000 116985.000 117241.000 117470.000
   190: 117585.000 117724.000 118083.000 118457.000 118555.000
   195: 118923.000 119014.000 119179.000 119380.000 119577.000
   200: 119612.000 124147.000 124433.000 124612.000 124667.000
   205: 124812.000 124980.000 125050.000 125215.000 126881.000
   210: 127377.000 127587.000 128062.000 128237.000 128280.000
   215: 128414.000 128539.000 128842.000 128990.000 129050.000
   220: 129260.000 130754.000 130947.000 131078.000 131450.000
   225: 131562.000 131691.000 131912.000 131983.000 132467.000
   230: 134391.000 134569.000 135525.000 135962.000 136098.000
   235: 136253.000 136443.000 136682.000 136850.000 137018.000
   240: 138404.000 142086.000 143531.000 143943.000 144147.000
   245: 144491.000 144674.000 144843.000 145137.000 145329.000
   250: 146989.000 147463.000 152913.000 156434.000 157981.000
   255: 158087.000 160485.000 160987.000 161171.000 161317.000
   260: 161407.000 161474.000 161787.000 161859.000 161957.000
   265: 162005.000 163630.000 163913.000 166715.000 166956.000
   270: 167043.000 167236.000 167334.000 167526.000 167658.000
   275: 167813.000 172420.000 173330.000 173459.000 173509.000
   280: 173578.000 173667.000 173821.000 173846.000 174129.000
   285: 174199.000 174496.000 174613.000 174761.000 174894.000
   290: 178495.000 178548.000 180459.000 180538.000 180582.000
   295: 180770.000 180928.000 181119.000 181187.000 181405.000
   300: 181526.000 181703.000 182098.000 182201.000 187360.000
   305: 187568.000 187865.000 187997.000 188033.000 188075.000
   310: 188309.000 188327.000 188564.000 188724.000 188935.000
   315: 189074.000 189261.000 189382.000 189555.000 189662.000
   320: 192285.000 192484.000 192733.000 192744.000 192866.000
   325: 192963.000 193127.000 193303.000 193413.000 193479.000
   330: 194834.000 195031.000 195129.000 195447.000 195593.000
   335: 195852.000 195939.000 195980.000 197316.000 197469.000
   340: 197480.000 197666.000 198119.000 198265.000 198550.000
   345: 198606.000 198699.000 203215.000 203250.000 203329.000
   350: 203525.000 203602.000 203724.000 203921.000 204208.000
   355: 206717.000 206959.000 211183.000 211540.000 211858.000
   360: 212481.000 212600.000 212630.000 212642.000 212737.000
   365: 212877.000 212946.000 214406.000 214578.000 214855.000
   370: 215005.000 215131.000 215386.000 215444.000 215625.000
   375: 225717.000 225986.000 225996.000 226210.000 226257.000
   380: 226434.000 226485.000 226549.000 227921.000 228109.000
   385: 228385.000 229227.000 229381.000 229581.000 229686.000
   390: 229852.000 230173.000 230417.000 230779.000 230849.000
   395: 231001.000 233357.000 235745.000 236410.000 238924.000
   400: 239127.000 239256.000 239652.000 239749.000 239796.000
   405: 239971.000
D:
     0: 7024.000 15364.000 19516.000 23539.000 28663.000
     5: 33196.000 37490.000 44482.000 54746.000 57632.000
    10: 65245.000 70538.000 73314.000 83480.000 88419.000
    15: 93116.000 109170.000 119612.000 125215.000 129260.000
    20: 131983.000 137018.000 145329.000 161859.000 167813.000
    25: 174894.000 182201.000 189382.000 193413.000 195939.000
    30: 198550.000 204208.000 212737.000 215386.000 226549.000
    35: 231001.000
E:
     0:  391.000 3034.000 4223.000 5975.000 6015.000
     5: 6062.000 6423.000 6848.000 7155.000 11129.000
    10: 12154.000 14204.000 14607.000 15006.000 15434.000
    15: 18099.000 18502.000 18919.000 19295.000 19740.000
    20: 21193.000 21844.000 22387.000 22461.000 22848.000
    25: 23236.000 23647.000 26087.000 26929.000 27674.000
    30: 28141.000 28520.000 28931.000 30899.000 32322.000
    35: 32792.000 33091.000 33481.000 35552.000 36124.000
    40: 36618.000 36918.000 37384.000 37784.000 39455.000
    45: 40316.000 43230.000 43790.000 44115.000 44399.000
    50: 44695.000 46159.000 46552.000 47232.000 50918.000
    55: 51760.000 52406.000 52676.000 52940.000 52971.000
    60: 53369.000 53660.000 53901.000 54245.000 54253.000
    65: 54640.000 54886.000 56966.000 57508.000 57802.000
    70: 58847.000 62238.000 62957.000 63332.000 63642.000
    75: 64073.000 64436.000 65085.000 65371.000 67343.000
    80: 68048.000 69255.000 69610.000 69912.000 70211.000
    85: 70613.000 70900.000 72464.000 72807.000 73061.000
    90: 73466.000 80992.000 81615.000 82357.000 82796.000
    95: 83033.000 83390.000 83681.000 85102.000 86651.000
   100: 87113.000 87365.000 87751.000 88036.000 88326.000
   105: 88701.000 90624.000 90973.000 91458.000 91666.000
   110: 92018.000 92288.000 92665.000 93027.000 93355.000
   115: 94953.000 99315.000 101861.000 104278.000 107668.000
   120: 108446.000 108752.000 108766.000 109226.000 109239.000
   125: 112579.000 114245.000 116340.000 116852.000 117393.000
   130: 117987.000 118354.000 118658.000 119096.000 119466.000
   135: 119732.000 121218.000 121697.000 124263.000 124733.000
   140: 125151.000 125372.000 126526.000 127486.000 127995.000
   145: 128346.000 128643.000 129143.000 129481.000 130604.000
   150: 131286.000 131757.000 132559.000 133951.000 133999.000
   155: 134711.000 135359.000 136374.000 136603.000 136914.000
   160: 137133.000 137143.000 138491.000 140906.000 141826.000
   165: 142879.000 143353.000 144425.000 144767.000 145058.000
   170: 145564.000 147522.000 150359.000 153125.000 156240.000
   175: 157828.000 158840.000 160581.000 161709.000 162062.000
   180: 162070.000 164187.000 166510.000 167121.000 167577.000
   185: 167936.000 169068.000 172172.000 173099.000 173760.000
   190: 174047.000 174290.000 174672.000 175105.000 178270.000
   195: 178623.000 180262.000 181324.000 181613.000 182018.000
   200: 182296.000 182307.000 183307.000 184058.000 187057.000
   205: 187689.000 187730.000 188499.000 188838.000 189172.000
   210: 189724.000 191784.000 192636.000 193559.000 195294.000
   215: 195705.000 196072.000 197927.000 198378.000 198441.000
   220: 198858.000 200251.000 202845.000 203409.000 203856.000
   225: 204142.000 204369.000 205520.000 206474.000 207175.000
   230: 208670.000 209608.000 210839.000 211448.000 211908.000
   235: 212023.000 212071.000 212407.000 212795.000 213187.000
   240: 214730.000 215219.000 215687.000 217268.000 218540.000
   245: 222052.000 225538.000 226361.000 226622.000 226650.000
   250: 228176.000 228568.000 228876.000 229303.000 229495.000
   255: 229769.000 229966.000 230274.000 230600.000 230916.000
   260: 231110.000 233016.000 235490.000 236209.000 237695.000
   265: 238599.000 239513.000 239530.000 239896.000
